MY_WEATHER_API_KEY = "41cb9da3d805141f5d00f3c73dc64c8b"
MY_LATITUDE = 51.507351
MY_LONGITUDE = -0.127758